41.8343721	-87.57076863	8.9	 03/06/2011 15:49:30 	2.6	25.9
41.83439897	-87.57075965	8.8	 03/06/2011 15:49:31 	2.9	24.1
41.83441912	-87.57074168	8.7	 03/06/2011 15:49:32 	2.7	25
41.83443928	-87.5707327	8.8	 03/06/2011 15:49:33 	2.4	25.9
41.83446615	-87.57071473	9.1	 03/06/2011 15:49:34 	2.6	18.5
41.8344863	-87.57070575	8.9	 03/06/2011 15:49:35 	2.8	10.5
41.83451317	-87.57069677	8.7	 03/06/2011 15:49:36 	2.9	14.3
41.83453333	-87.57069677	8.9	 03/06/2011 15:49:37 	2.6	6.4
41.8345602	-87.57068778	8.9	 03/06/2011 15:49:38 	2.4	6.4
41.83458035	-87.57068778	9	 03/06/2011 15:49:39 	2.6	4
41.83460723	-87.57068778	8.9	 03/06/2011 15:49:40 	2.7	355.1
41.83462738	-87.57068778	8.8	 03/06/2011 15:49:41 	2.7	351.7
41.83465425	-87.57069677	8.8	 03/06/2011 15:49:42 	2.6	352.4
41.83467441	-87.57069677	9	 03/06/2011 15:49:43 	2.3	353.2
41.83470128	-87.57070575	9	 03/06/2011 15:49:44 	2.6	352.8
41.83472815	-87.57070575	8.9	 03/06/2011 15:49:45 	3	355.2
41.83475502	-87.57070575	8.9	 03/06/2011 15:49:46 	2.9	0.6
41.83477518	-87.57070575	8.9	 03/06/2011 15:49:47 	2.8	355.1
41.83480205	-87.57070575	9.1	 03/06/2011 15:49:48 	2.6	358.1
41.83482892	-87.57071473	8.9	 03/06/2011 15:49:49 	2.8	353.2
41.83484907	-87.57071473	9	 03/06/2011 15:49:50 	2.8	355.1
41.83487594	-87.57071473	9.1	 03/06/2011 15:49:51 	2.5	356.8
41.83490282	-87.57071473	9	 03/06/2011 15:49:52 	2.8	355.4
41.83492969	-87.57072371	9	 03/06/2011 15:49:53 	2.7	357.9
41.83494984	-87.57072371	9.2	 03/06/2011 15:49:54 	2.6	2.8
41.83497671	-87.57071473	9.1	 03/06/2011 15:49:55 	2.9	2.9
41.83500359	-87.57071473	9	 03/06/2011 15:49:56 	2.9	358.7
41.83503046	-87.57071473	9	 03/06/2011 15:49:57 	2.6	2.6
41.83505061	-87.57071473	9.1	 03/06/2011 15:49:58 	2.5	3.1
41.83507748	-87.57071473	9.1	 03/06/2011 15:49:59 	2.8	0
41.83510435	-87.57071473	9.2	 03/06/2011 15:50:00 	2.9	0.5
41.83513123	-87.57071473	9.2	 03/06/2011 15:50:01 	3	0.1
41.8351581	-87.57071473	9	 03/06/2011 15:50:02 	3	354.8
41.83517825	-87.57072371	9	 03/06/2011 15:50:03 	2.7	352.3
41.83519841	-87.57072371	9	 03/06/2011 15:50:04 	2.4	354.9
41.83522528	-87.57072371	9.1	 03/06/2011 15:50:05 	2.4	354.5
41.83525215	-87.5707327	9.2	 03/06/2011 15:50:06 	2.7	356.6
41.83527902	-87.5707327	9	 03/06/2011 15:50:07 	3.1	0.7
41.83530589	-87.5707327	9.1	 03/06/2011 15:50:08 	3	358.6
41.83533276	-87.5707327	9	 03/06/2011 15:50:09 	2.9	359.7
41.83535292	-87.5707327	9.1	 03/06/2011 15:50:10 	2.7	2.7
41.83537979	-87.57072371	9	 03/06/2011 15:50:11 	2.6	1.1
41.83539994	-87.57072371	9	 03/06/2011 15:50:12 	2.5	4.8
41.83542682	-87.57072371	9.2	 03/06/2011 15:50:13 	2.6	3.5
41.83545369	-87.57072371	9.1	 03/06/2011 15:50:14 	3	1.6
41.83548056	-87.57072371	9	 03/06/2011 15:50:15 	2.9	4.3
41.83550743	-87.57071473	9.2	 03/06/2011 15:50:16 	2.7	3.1
41.83552758	-87.57071473	9.1	 03/06/2011 15:50:17 	2.7	1.8
41.83555446	-87.57071473	9.2	 03/06/2011 15:50:18 	2.6	3.7
41.83558133	-87.57071473	9.3	 03/06/2011 15:50:19 	2.9	1.5
41.8356082	-87.57070575	9.1	 03/06/2011 15:50:20 	2.9	3.9
41.83562835	-87.57070575	9.1	 03/06/2011 15:50:21 	2.9	356.7
41.83565522	-87.57070575	9.1	 03/06/2011 15:50:22 	2.7	2.7
41.83568209	-87.57070575	9.1	 03/06/2011 15:50:23 	2.7	1
41.83570225	-87.57070575	9.1	 03/06/2011 15:50:24 	2.6	3.9
41.83572912	-87.57070575	9.1	 03/06/2011 15:50:25 	2.7	0.2
41.83575599	-87.57070575	8.9	 03/06/2011 15:50:26 	2.8	5.3
41.83578286	-87.57069677	9	 03/06/2011 15:50:27 	2.6	6.4
41.83580302	-87.57069677	9	 03/06/2011 15:50:28 	2.6	9.5
41.83582989	-87.57068778	9.1	 03/06/2011 15:50:29 	2.7	6.5
41.83585676	-87.57068778	8.9	 03/06/2011 15:50:30 	2.9	5.1
41.83587691	-87.5706788	8.9	 03/06/2011 15:50:31 	2.6	9.4
41.83590378	-87.5706788	8.9	 03/06/2011 15:50:32 	2.6	4
41.83592394	-87.5706788	9	 03/06/2011 15:50:33 	2.6	11.8
41.83595081	-87.57066982	9	 03/06/2011 15:50:34 	2.6	5.2
41.83597768	-87.57066083	8.9	 03/06/2011 15:50:35 	2.9	11.6
41.83599783	-87.57066083	8.9	 03/06/2011 15:50:36 	2.7	15.1
41.83602471	-87.57065185	8.9	 03/06/2011 15:50:37 	2.8	11.7
41.83605158	-87.57064287	8.7	 03/06/2011 15:50:38 	2.8	19.9
41.83607173	-87.5706249	9	 03/06/2011 15:50:39 	2.5	27.7
41.83609188	-87.57061592	8.9	 03/06/2011 15:50:40 	2.7	27.7
41.83611204	-87.57059795	8.8	 03/06/2011 15:50:41 	2.9	43
41.83613219	-87.57056202	8.9	 03/06/2011 15:50:42 	2.6	53.4
41.83614563	-87.57054406	8.9	 03/06/2011 15:50:43 	2.5	59
41.83615234	-87.57051711	8.7	 03/06/2011 15:50:44 	2.5	71
41.83615906	-87.57049016	9	 03/06/2011 15:50:45 	2.3	79.4
41.83616578	-87.57046321	8.9	 03/06/2011 15:50:46 	2.3	81.2
41.83616578	-87.57043626	8.7	 03/06/2011 15:50:47 	2.5	89.4
41.83616578	-87.57040033	8.9	 03/06/2011 15:50:48 	2.3	97.1
41.83616578	-87.57037338	8.9	 03/06/2011 15:50:49 	2.4	90.7
41.83615906	-87.57034644	8.9	 03/06/2011 15:50:50 	2.4	96
41.83615906	-87.57031949	9	 03/06/2011 15:50:51 	2.4	108.7
41.83615234	-87.57028356	8.9	 03/06/2011 15:50:52 	2.6	109.4
41.83613891	-87.57025661	8.8	 03/06/2011 15:50:53 	2.6	124
41.83612547	-87.57023864	8.9	 03/06/2011 15:50:54 	2.4	138.6
41.83610532	-87.57022068	9	 03/06/2011 15:50:55 	2.3	152.7
41.83609188	-87.57020271	8.9	 03/06/2011 15:50:56 	2.2	164.2
41.83607173	-87.57020271	8.8	 03/06/2011 15:50:57 	2.3	174.4
41.83605158	-87.57020271	8.8	 03/06/2011 15:50:58 	2.2	177.8
41.83603142	-87.57020271	8.9	 03/06/2011 15:50:59 	2	180.9
41.83601127	-87.57020271	9	 03/06/2011 15:51:00 	2.3	185.8
41.8359844	-87.57020271	8.8	 03/06/2011 15:51:01 	2.6	177.9
41.83596425	-87.57020271	8.9	 03/06/2011 15:51:02 	2.5	180.2
41.83593737	-87.57020271	8.8	 03/06/2011 15:51:03 	2.5	186.2
41.83591722	-87.57021169	8.9	 03/06/2011 15:51:04 	2.5	184
41.83589707	-87.57021169	9	 03/06/2011 15:51:05 	2.5	183.8
41.8358702	-87.57021169	8.8	 03/06/2011 15:51:06 	2.8	188.9
41.83584332	-87.57022068	9	 03/06/2011 15:51:07 	2.6	188.6
41.83582317	-87.57022068	8.9	 03/06/2011 15:51:08 	2.8	188.2
41.8357963	-87.57022966	9	 03/06/2011 15:51:09 	2.8	180.6
41.83576943	-87.57022966	8.8	 03/06/2011 15:51:10 	2.7	181
41.83574927	-87.57022068	8.9	 03/06/2011 15:51:11 	2.4	171.5
41.83572912	-87.57022068	9	 03/06/2011 15:51:12 	2.4	167
41.83570225	-87.57021169	9	 03/06/2011 15:51:13 	2.5	168.3
41.83568209	-87.57020271	9.1	 03/06/2011 15:51:14 	2.5	162.3
41.83565522	-87.57019373	8.9	 03/06/2011 15:51:15 	2.6	159.1
41.83563507	-87.57018475	8.9	 03/06/2011 15:51:16 	2.5	158.2
41.83561492	-87.57017576	9	 03/06/2011 15:51:17 	2.6	168.2
41.83558804	-87.57016678	9.1	 03/06/2011 15:51:18 	2.5	169.7
41.83556789	-87.5701578	9.1	 03/06/2011 15:51:19 	2.4	168.6
41.83554774	-87.57014881	9	 03/06/2011 15:51:20 	2.4	164.5
41.83552087	-87.57013983	9	 03/06/2011 15:51:21 	2.5	160.3
41.83550071	-87.57013085	9.1	 03/06/2011 15:51:22 	2.5	165.1
41.83548056	-87.57012187	9.2	 03/06/2011 15:51:23 	2.6	162
41.83545369	-87.57011288	9.1	 03/06/2011 15:51:24 	2.7	165
41.83543353	-87.5701039	9	 03/06/2011 15:51:25 	2.6	165.7
41.83541338	-87.57009492	9	 03/06/2011 15:51:26 	2.4	163.6
41.83538651	-87.57008594	9.1	 03/06/2011 15:51:27 	2.3	159.5
41.83536635	-87.57007695	9	 03/06/2011 15:51:28 	2.5	160.7
41.8353462	-87.57006797	9.1	 03/06/2011 15:51:29 	2.5	160.9
41.83532605	-87.57005899	9.2	 03/06/2011 15:51:30 	2.6	159.3
41.83529917	-87.57004102	9.1	 03/06/2011 15:51:31 	2.7	161.1
41.83527902	-87.57003204	9.2	 03/06/2011 15:51:32 	2.7	162.3
41.83525887	-87.57002306	9	 03/06/2011 15:51:33 	2.7	160
41.835232	-87.57001407	9.1	 03/06/2011 15:51:34 	2.4	156.1
41.83521184	-87.57000509	9	 03/06/2011 15:51:35 	2.4	161.8
41.83519169	-87.56998712	9.1	 03/06/2011 15:51:36 	2.5	158.4
41.83517153	-87.56997814	9.2	 03/06/2011 15:51:37 	2.5	156.3
41.83515138	-87.56996018	9.1	 03/06/2011 15:51:38 	2.9	156.1
41.83512451	-87.56994221	9	 03/06/2011 15:51:39 	2.7	153.9
41.83510435	-87.56993323	8.9	 03/06/2011 15:51:40 	2.7	154.9
41.8350842	-87.56991526	9	 03/06/2011 15:51:41 	2.5	160.8
41.83506405	-87.56990628	8.9	 03/06/2011 15:51:42 	2.4	151.8
41.83504389	-87.56988831	9.1	 03/06/2011 15:51:43 	2.4	152.6
41.83502374	-87.56987933	9	 03/06/2011 15:51:44 	2.8	150
41.83500359	-87.56986137	9	 03/06/2011 15:51:45 	2.7	150.3
41.83498343	-87.5698434	8.9	 03/06/2011 15:51:46 	2.7	150.6
41.83496328	-87.56983442	8.9	 03/06/2011 15:51:47 	2.5	153
41.83494312	-87.56981645	8.9	 03/06/2011 15:51:48 	2.4	158.1
41.83491625	-87.56980747	9	 03/06/2011 15:51:49 	2.6	157
41.8348961	-87.5697895	8.9	 03/06/2011 15:51:50 	2.8	154.8
41.83487594	-87.56977154	9	 03/06/2011 15:51:51 	2.7	156
41.83484907	-87.56976255	8.8	 03/06/2011 15:51:52 	2.9	156.1
41.83482892	-87.56974459	8.9	 03/06/2011 15:51:53 	2.5	153.4
41.83480876	-87.56973561	8.9	 03/06/2011 15:51:54 	2.4	156.4
41.83478861	-87.56972662	8.9	 03/06/2011 15:51:55 	2.6	151.5
41.83476846	-87.56970866	9	 03/06/2011 15:51:56 	2.6	151
41.83474159	-87.56969967	8.8	 03/06/2011 15:51:57 	2.7	154.4
41.83472143	-87.56968171	8.9	 03/06/2011 15:51:58 	2.8	155.4
41.83470128	-87.56967273	8.8	 03/06/2011 15:51:59 	2.7	153.7
41.83467441	-87.56965476	8.9	 03/06/2011 15:52:00 	2.6	153
41.83465425	-87.56964578	8.7	 03/06/2011 15:52:01 	2.7	152.2
41.8346341	-87.56962781	8.9	 03/06/2011 15:52:02 	2.4	156.7
41.83461394	-87.56961883	8.9	 03/06/2011 15:52:03 	2.7	151.3
41.83459379	-87.56960086	8.8	 03/06/2011 15:52:04 	2.7	158.6
41.83457364	-87.5695829	8.8	 03/06/2011 15:52:05 	2.4	154.4
41.83455348	-87.56957392	8.9	 03/06/2011 15:52:06 	2.6	153
41.83452661	-87.56955595	9.1	 03/06/2011 15:52:07 	2.6	155
41.83450646	-87.56954697	8.8	 03/06/2011 15:52:08 	2.7	154.2
41.8344863	-87.569529	8.8	 03/06/2011 15:52:09 	2.5	151.2
41.83446615	-87.56951104	8.9	 03/06/2011 15:52:10 	2.5	154.8
41.83444599	-87.56950205	9	 03/06/2011 15:52:11 	2.6	154.1
41.83441912	-87.56948409	9	 03/06/2011 15:52:12 	2.8	155.5
41.83439897	-87.5694751	8.8	 03/06/2011 15:52:13 	2.7	153.2
41.83437881	-87.56945714	8.8	 03/06/2011 15:52:14 	2.7	156.8
41.83435194	-87.56944816	8.9	 03/06/2011 15:52:15 	2.6	154.1
