41.90736166	-87.58454824	9.5	 03/06/2011 19:31:59 	2.8	34.5
41.9073885	-87.58453028	9.6	 03/06/2011 19:32:00 	2.8	25.6
41.90740863	-87.58451231	9.4	 03/06/2011 19:32:01 	2.8	33.8
41.90742876	-87.58449435	9.6	 03/06/2011 19:32:02 	2.5	30.6
41.90744889	-87.58447638	9.4	 03/06/2011 19:32:03 	2.8	28.2
41.90747573	-87.58445841	9.3	 03/06/2011 19:32:04 	3	30.3
41.90749586	-87.58444045	9.3	 03/06/2011 19:32:05 	2.9	27.2
41.9075227	-87.58442248	9.3	 03/06/2011 19:32:06 	3	28.2
41.90754283	-87.5844135	9.5	 03/06/2011 19:32:07 	2.7	24.7
41.90756297	-87.58439553	9.5	 03/06/2011 19:32:08 	2.8	26.3
41.90758981	-87.58437757	9.5	 03/06/2011 19:32:09 	3	25.7
41.90761665	-87.5843596	9.7	 03/06/2011 19:32:10 	3.2	28.6
41.90764349	-87.58434164	9.7	 03/06/2011 19:32:11 	3.2	27.2
41.90766362	-87.58432367	9.5	 03/06/2011 19:32:12 	3.2	30.9
41.90769046	-87.58430571	9.5	 03/06/2011 19:32:13 	2.9	28.7
41.90771059	-87.58428774	9.5	 03/06/2011 19:32:14 	2.7	28
41.90773072	-87.58427876	9.6	 03/06/2011 19:32:15 	2.7	31
41.90775756	-87.58426079	9.7	 03/06/2011 19:32:16 	2.9	26.6
41.9077844	-87.58423384	9.5	 03/06/2011 19:32:17 	3.3	28.1
41.90780453	-87.58421588	9.7	 03/06/2011 19:32:18 	3.2	35.7
41.90783138	-87.58419791	9.6	 03/06/2011 19:32:19 	3.3	30.1
41.90785822	-87.58417995	9.4	 03/06/2011 19:32:20 	3.3	37.3
41.90787835	-87.58416198	9.7	 03/06/2011 19:32:21 	2.8	31.6
41.90789848	-87.58413503	9.7	 03/06/2011 19:32:22 	2.7	34.7
41.90791861	-87.58411707	9.8	 03/06/2011 19:32:23 	2.9	29.1
41.90793874	-87.5840991	9.5	 03/06/2011 19:32:24 	2.7	33
41.90795887	-87.58409012	9.8	 03/06/2011 19:32:25 	2.5	29.5
41.90798571	-87.58406317	9.7	 03/06/2011 19:32:26 	2.9	30.3
41.90800584	-87.58404521	9.9	 03/06/2011 19:32:27 	3	35.4
41.90803268	-87.58402724	9.6	 03/06/2011 19:32:28 	3.1	35.1
41.90805281	-87.58400029	9.7	 03/06/2011 19:32:29 	3.2	33.9
41.90807294	-87.58398233	9.6	 03/06/2011 19:32:30 	3	32.4
41.90809979	-87.58396436	9.6	 03/06/2011 19:32:31 	2.7	33.4
41.90811992	-87.58394639	9.9	 03/06/2011 19:32:32 	2.7	28
41.90814005	-87.58392843	9.6	 03/06/2011 19:32:33 	2.9	33.3
41.90816689	-87.58391046	9.7	 03/06/2011 19:32:34 	3.1	28.4
41.90818702	-87.58388352	9.7	 03/06/2011 19:32:35 	3.2	29.2
41.90821386	-87.58386555	9.6	 03/06/2011 19:32:36 	3.1	35.1
41.90823399	-87.58384758	9.5	 03/06/2011 19:32:37 	3	42.6
41.90825412	-87.58382064	9.6	 03/06/2011 19:32:38 	2.8	49.1
41.90826754	-87.58379369	9.6	 03/06/2011 19:32:39 	2.7	61.9
41.90828096	-87.58376674	9.5	 03/06/2011 19:32:40 	2.6	79.3
41.90828096	-87.58373979	9.6	 03/06/2011 19:32:41 	2.6	91.2
41.90828096	-87.58371284	9.6	 03/06/2011 19:32:42 	2.3	94.7
41.90828096	-87.58367691	9.4	 03/06/2011 19:32:43 	2.5	101.8
41.90827425	-87.58364996	9.5	 03/06/2011 19:32:44 	2.4	106.7
41.90826754	-87.58362301	9.5	 03/06/2011 19:32:45 	2.5	104.5
41.90826083	-87.58358708	9.6	 03/06/2011 19:32:46 	2.6	102.3
41.90825412	-87.58355115	9.5	 03/06/2011 19:32:47 	2.6	99.4
41.90824741	-87.5835242	9.3	 03/06/2011 19:32:48 	2.8	112.8
41.9082407	-87.58348827	9.5	 03/06/2011 19:32:49 	2.6	102.8
41.90823399	-87.58346132	9.5	 03/06/2011 19:32:50 	2.6	110.9
41.90822728	-87.58343438	9.4	 03/06/2011 19:32:51 	2.7	103.5
41.90822057	-87.58339844	9.4	 03/06/2011 19:32:52 	2.7	110.7
41.90820715	-87.5833715	9.3	 03/06/2011 19:32:53 	2.8	108.5
41.90820044	-87.58333556	9.4	 03/06/2011 19:32:54 	2.9	111.7
41.90819373	-87.58329963	9.2	 03/06/2011 19:32:55 	2.9	110.8
41.90818031	-87.58327268	9.3	 03/06/2011 19:32:56 	2.7	106.5
41.9081736	-87.58323675	9.3	 03/06/2011 19:32:57 	2.6	109.3
41.90816689	-87.58320981	9.2	 03/06/2011 19:32:58 	2.8	112.8
41.90815347	-87.58318286	9.3	 03/06/2011 19:32:59 	2.4	128.5
41.90814005	-87.58316489	9.3	 03/06/2011 19:33:00 	2.4	151.1
41.90811992	-87.58315591	9.3	 03/06/2011 19:33:01 	2.2	171.9
41.90809979	-87.58315591	9.3	 03/06/2011 19:33:02 	2.1	192.5
41.90807965	-87.58316489	9.4	 03/06/2011 19:33:03 	1.9	204.3
41.90806623	-87.58317387	9.4	 03/06/2011 19:33:04 	2	214.8
41.9080461	-87.58318286	9.4	 03/06/2011 19:33:05 	2.1	208.3
41.90803268	-87.58320082	9.4	 03/06/2011 19:33:06 	2.4	219
41.90801255	-87.58321879	9.4	 03/06/2011 19:33:07 	2.6	210.8
41.90799242	-87.58323675	9.3	 03/06/2011 19:33:08 	2.5	212.1
41.90797229	-87.58325472	9.5	 03/06/2011 19:33:09 	2.3	208.8
41.90795216	-87.5832637	9.3	 03/06/2011 19:33:10 	2.5	216.1
41.90793203	-87.58328167	9.5	 03/06/2011 19:33:11 	2.7	210.7
41.9079119	-87.58329963	9.3	 03/06/2011 19:33:12 	2.7	207.7
41.90789177	-87.5833176	9.3	 03/06/2011 19:33:13 	2.8	215.7
41.90787164	-87.58333556	9.3	 03/06/2011 19:33:14 	3	215.5
41.90785151	-87.58335353	9.4	 03/06/2011 19:33:15 	2.5	212.9
41.90783138	-87.5833715	9.5	 03/06/2011 19:33:16 	2.3	217.8
41.90781125	-87.58338946	9.3	 03/06/2011 19:33:17 	2.7	211.9
41.90779111	-87.58340743	9.3	 03/06/2011 19:33:18 	2.8	211.1
41.90777098	-87.58342539	9.3	 03/06/2011 19:33:19 	2.6	208.6
41.90775085	-87.58344336	9.3	 03/06/2011 19:33:20 	2.6	212.8
41.90773072	-87.58346132	9.2	 03/06/2011 19:33:21 	2.9	211.8
41.90770388	-87.58347929	9.2	 03/06/2011 19:33:22 	2.8	211.3
41.90768375	-87.58349725	9.2	 03/06/2011 19:33:23 	2.8	213.6
41.90766362	-87.58351522	9.2	 03/06/2011 19:33:24 	2.5	213
41.90764349	-87.58353319	9.1	 03/06/2011 19:33:25 	2.7	210.9
41.90762336	-87.58355115	9.2	 03/06/2011 19:33:26 	2.6	210.2
41.90760323	-87.58356912	9.5	 03/06/2011 19:33:27 	2.7	212.6
41.9075831	-87.58358708	9.2	 03/06/2011 19:33:28 	3	216.9
41.90755626	-87.58360505	9.3	 03/06/2011 19:33:29 	2.6	213.4
41.90754283	-87.58362301	9.3	 03/06/2011 19:33:30 	2.6	212.7
41.9075227	-87.58364098	9.5	 03/06/2011 19:33:31 	2.6	214.6
41.90749586	-87.58365895	9.5	 03/06/2011 19:33:32 	2.7	205.2
41.90747573	-87.58367691	9.5	 03/06/2011 19:33:33 	2.8	208.6
41.9074556	-87.58369488	9.6	 03/06/2011 19:33:34 	2.8	208.5
41.90742876	-87.58371284	9.5	 03/06/2011 19:33:35 	2.9	209.5
41.90740863	-87.58373081	9.5	 03/06/2011 19:33:36 	2.9	213.8
41.9073885	-87.58374877	9.6	 03/06/2011 19:33:37 	2.7	214.6
41.90736837	-87.58376674	9.4	 03/06/2011 19:33:38 	2.7	210.8
41.90734824	-87.5837847	9.6	 03/06/2011 19:33:39 	2.5	217.8
41.90732811	-87.58380267	9.5	 03/06/2011 19:33:40 	2.7	213.2
41.90730797	-87.58382064	9.4	 03/06/2011 19:33:41 	2.7	214.9
41.90728113	-87.5838386	9.6	 03/06/2011 19:33:42 	2.7	210.9
41.907261	-87.58385657	9.6	 03/06/2011 19:33:43 	2.9	209.8
41.90723416	-87.58387453	9.5	 03/06/2011 19:33:44 	3	206.2
41.90721403	-87.5838925	9.4	 03/06/2011 19:33:45 	2.9	206.2
41.9071939	-87.58391046	9.8	 03/06/2011 19:33:46 	2.4	207.5
41.90717377	-87.58391945	9.4	 03/06/2011 19:33:47 	2.7	212.2
41.90715364	-87.58393741	9.6	 03/06/2011 19:33:48 	2.6	217.8
41.90713351	-87.58395538	9.8	 03/06/2011 19:33:49 	2.6	212.1
41.90711338	-87.58398233	9.8	 03/06/2011 19:33:50 	2.7	221
41.90709325	-87.58400029	9.5	 03/06/2011 19:33:51 	3	219.8
41.90707311	-87.58401826	9.3	 03/06/2011 19:33:52 	2.8	219.2
